integer_ker=(-2 58 -41 1)
normalized_ker=(-0.028143901789211695 0.8161731518871386 -0.5769499866788393 0.014071950894605898)
